1.0 0.0 14.6988
2.0 0.0 16.3771
3.0 0.0 18.725
4.0 0.0 21.3753
5.0 0.0 23.9605
6.0 0.0 26.159
7.0 0.0 28.0001
8.0 0.0 29.6752
9.0 0.0 31.3762
10.0 0.0 33.2952
11.0 0.0 35.6132
12.0 0.0 38.3288
13.0 0.0 41.2922
14.0 0.0 44.3495
15.0 0.0 47.3466
16.0 0.0 50.1319
17.0 0.0 52.6656
18.0 0.0 55.0659
19.0 0.0 57.463
20.0 0.0 59.987
21.0 0.0 62.7679
22.0 0.0 65.8577
23.0 0.0 69.1127
24.0 0.0 72.3587
25.0 0.0 75.4216
26.0 0.0 78.1274
27.0 0.0 80.3566
28.0 0.0 82.2448
29.0 0.0 84.0026
30.0 0.0 85.8404
31.0 0.0 87.9688
32.0 0.0 90.5596
33.0 0.0 93.4335
34.0 0.0 96.2301
35.0 1.0 98.4338
36.0 2.0 99.5733
37.0 3.0 99.7205
38.0 4.0 99.4336
39.0 5.0 99.2286
40.0 6.0 99.1279
41.0 6.0 97.9738
42.0 6.0 96.0079
43.0 6.0 93.2987
44.0 6.0 90.2031
45.0 6.0 87.1045
46.0 6.0 84.3864
47.0 6.0 82.4318
48.0 7.0 81.6953
49.0 7.0 81.6149
50.0 8.0 82.7236
51.0 8.0 82.8215
52.0 9.0 83.2222
53.0 9.0 81.6231
54.0 10.0 80.0315
55.0 10.0 77.2215
56.0 10.0 74.2742
57.0 11.0 71.8644
58.0 11.0 69.4956
59.0 12.0 66.5332
60.0 12.0 64.7043
61.0 13.0 60.8813
62.0 13.0 59.4719
63.0 14.0 55.9688
64.0 14.0 55.5001
65.0 15.0 53.7215
66.0 15.0 53.9604
67.0 15.0 54.078
68.0 16.0 52.9023
69.0 16.0 52.2578
70.0 17.0 50.2626
71.0 17.0 49.1983
72.0 18.0 47.0703
73.0 18.0 45.9178
74.0 19.0 43.5183
75.0 19.0 42.0848
76.0 20.0 39.1733
77.0 20.0 37.721
78.0 20.0 36.5341
79.0 21.0 34.0255
80.0 21.0 33.3397
81.0 22.0 31.5274
82.0 22.0 30.9587
83.0 23.0 29.0278
84.0 23.0 28.0086
85.0 24.0 24.7147
86.0 24.0 23.0605
87.0 25.0 18.7971
88.0 25.0 17.588
89.0 25.0 17.2463
90.0 26.0 15.5971
91.0 26.0 16.8787
92.0 27.0 16.3224
93.0 27.0 17.4144
94.0 28.0 15.2477
95.0 28.0 15.1423
96.0 29.0 12.5789
97.0 29.0 12.6095
98.0 29.0 12.6093
99.0 30.0 11.9777
